xof 0303txt 0032
template XSkinMeshHeader {
 <3cf169ce-ff7c-44ab-93c0-f78f62d172e2>
 WORD nMaxSkinWeightsPerVertex;
 WORD nMaxSkinWeightsPerFace;
 WORD nBones;
}

template VertexDuplicationIndices {
 <b8d65549-d7c9-4995-89cf-53a9a8b031e3>
 DWORD nIndices;
 DWORD nOriginalVertices;
 array DWORD indices[nIndices];
}

template SkinWeights {
 <6f0d123b-bad2-4167-a0d0-80224f25fabb>
 STRING transformNodeName;
 DWORD nWeights;
 array DWORD vertexIndices[nWeights];
 array FLOAT weights[nWeights];
 Matrix4x4 matrixOffset;
}

template AnimTicksPerSecond {
 <9e415a43-7ba6-4a73-8743-b73d47e88476>
 DWORD AnimTicksPerSecond;
}

template VertexElement {
 <f752461c-1e23-48f6-b9f8-8350850f336f>
 DWORD Type;
 DWORD Method;
 DWORD Usage;
 DWORD UsageIndex;
}

template DeclData {
 <bf22e553-292c-4781-9fea-62bd554bdd93>
 DWORD nElements;
 array VertexElement Elements[nElements];
 DWORD nDWords;
 array DWORD data[nDWords];
}


AnimTicksPerSecond {
 24;
}

Frame Dummy01 {
 

 FrameTransformMatrix {
  1.000000,0.000000,0.000000,0.000000,0.000000,-0.000000,-1.000000,0.000000,0.000000,1.000000,-0.000000,0.000000,0.000000,0.000000,0.000000,1.000000;;
 }

 Frame Bip01 {
  

  FrameTransformMatrix {
   -0.489722,0.856106,0.165090,0.000000,0.089572,-0.138947,0.986242,0.000000,0.867266,0.497772,-0.008638,0.000000,0.001703,-0.010862,0.491068,1.000000;;
  }

  Frame Bip01_Pelvis {
   

   FrameTransformMatrix {
    -0.000000,0.996195,-0.087157,0.000000,-0.000001,0.087157,0.996195,0.000000,1.000000,0.000000,0.000001,0.000000,-0.000000,-0.000000,-0.000000,1.000000;;
   }

   Frame Bip01_Spine {
    

    FrameTransformMatrix {
     0.978965,0.093084,0.181555,0.000000,-0.106937,0.991935,0.068046,0.000000,-0.173757,-0.086030,0.981024,0.000000,0.051452,0.004508,-0.000083,1.000000;;
    }

    Frame Bip01_Spine1 {
     

     FrameTransformMatrix {
      0.983954,0.064265,0.166449,0.000000,-0.043008,0.990802,-0.128304,0.000000,-0.173163,0.119087,0.977667,0.000000,0.106495,-0.000010,-0.000083,1.000000;;
     }

     Frame Bip01_Neck {
      

      FrameTransformMatrix {
       1.000000,0.000000,0.000000,0.000000,-0.000000,1.000000,0.000000,0.000000,-0.000000,-0.000000,1.000000,0.000000,0.130504,0.000000,0.004625,1.000000;;
      }

      Frame Bip01_Head {
       

       FrameTransformMatrix {
        0.990674,-0.061064,-0.121804,0.000000,0.011502,0.928240,-0.371804,0.000000,0.135767,0.366936,0.920286,0.000000,0.033674,-0.000000,0.000000,1.000000;;
       }

       Frame Bip01_HeadNub {
        

        FrameTransformMatrix {
         1.000000,0.000000,0.000000,0.000000,-0.000000,1.000000,-0.000000,0.000000,-0.000000,0.000000,1.000000,0.000000,0.169824,0.000000,0.000000,1.000000;;
        }
       }
      }

      Frame Bip01_L_Clavicle {
       

       FrameTransformMatrix {
        -0.167226,0.985870,0.009800,0.000000,0.985918,0.167226,0.000855,0.000000,-0.000796,0.009805,-0.999952,0.000000,-0.024025,0.015714,-0.004625,1.000000;;
       }

       Frame Bip01_L_UpperArm {
        

        FrameTransformMatrix {
         0.574455,-0.783123,0.238158,0.000000,0.816781,0.567469,-0.104157,0.000000,-0.053579,0.254356,0.965625,0.000000,0.087086,0.000000,0.000000,1.000000;;
        }

        Frame Bip01_L_Forearm {
         

         FrameTransformMatrix {
          0.470767,0.000000,-0.882258,0.000000,-0.000000,1.000000,0.000000,0.000000,0.882258,0.000000,0.470767,0.000000,0.137062,0.000000,-0.000000,1.000000;;
         }

         Frame Bip01_L_Hand {
          

          FrameTransformMatrix {
           0.925928,0.317637,-0.204365,0.000000,0.120819,0.263561,0.957047,0.000000,0.357856,-0.910847,0.205662,0.000000,0.137062,0.000000,-0.000000,1.000000;;
          }

          Frame Bip01_L_Finger0 {
           

           FrameTransformMatrix {
            0.601558,-0.502847,0.620704,0.000000,0.696822,0.710248,-0.099940,0.000000,-0.390599,0.492640,0.777650,0.000000,0.057681,-0.023605,-0.000272,1.000000;;
           }

           Frame Bip01_L_Finger0Nub {
            

            FrameTransformMatrix {
             1.000000,0.000000,-0.000000,0.000000,-0.000000,1.000000,-0.000000,0.000000,0.000000,0.000000,1.000000,0.000000,0.029435,-0.000000,0.000000,1.000000;;
            }
           }
          }

          Frame Bip01_L_Finger1 {
           

           FrameTransformMatrix {
            0.879300,-0.000379,0.476267,0.000000,-0.000000,1.000000,0.000796,0.000000,-0.476267,-0.000700,0.879300,0.000000,0.084102,-0.000000,0.000000,1.000000;;
           }

           Frame Bip01_L_Finger1Nub {
            

            FrameTransformMatrix {
             1.000000,-0.000000,-0.000000,0.000000,0.000000,1.000000,0.000000,0.000000,0.000000,-0.000000,1.000000,0.000000,0.047988,0.000000,0.000000,1.000000;;
            }
           }
          }
         }
        }
       }
      }

      Frame Bip01_R_Clavicle {
       

       FrameTransformMatrix {
        -0.041764,-0.999127,0.000036,0.000000,-0.999127,0.041764,0.000796,0.000000,-0.000797,-0.000003,-1.000000,0.000000,-0.024024,-0.015715,-0.004625,1.000000;;
       }

       Frame Bip01_R_UpperArm {
        

        FrameTransformMatrix {
         0.393705,0.869858,0.297227,0.000000,-0.904827,0.309689,0.292200,0.000000,0.162125,-0.383980,0.908997,0.000000,0.087086,-0.000000,-0.000000,1.000000;;
        }

        Frame Bip01_R_Forearm {
         

         FrameTransformMatrix {
          0.091979,-0.000000,-0.995761,0.000000,0.000000,1.000000,0.000000,0.000000,0.995761,-0.000000,0.091979,0.000000,0.137062,0.000000,0.000000,1.000000;;
         }

         Frame Bip01_R_Hand {
          

          FrameTransformMatrix {
           0.962013,-0.170998,-0.212817,0.000000,-0.195508,0.112571,-0.974220,0.000000,0.190547,0.978819,0.074863,0.000000,0.137062,0.000000,-0.000000,1.000000;;
          }

          Frame Bip01_R_Finger0 {
           

           FrameTransformMatrix {
            0.166554,0.297180,0.940183,0.000000,-0.870771,0.491689,-0.001159,0.000000,-0.462622,-0.818491,0.340668,0.000000,0.057681,0.023605,-0.000272,1.000000;;
           }

           Frame Bip01_R_Finger0Nub {
            

            FrameTransformMatrix {
             -1.000000,-0.000000,0.000000,0.000000,-0.000000,1.000000,0.000000,0.000000,-0.000000,0.000000,-1.000000,0.000000,0.029435,-0.000000,-0.000000,1.000000;;
            }
           }
          }

          Frame Bip01_R_Finger1 {
           

           FrameTransformMatrix {
            0.329983,0.000752,0.943986,0.000000,-0.000002,1.000000,-0.000796,0.000000,-0.943987,0.000261,0.329983,0.000000,0.084102,0.000000,-0.000000,1.000000;;
           }

           Frame Bip01_R_Finger1Nub {
            

            FrameTransformMatrix {
             -1.000000,0.000000,0.000000,0.000000,0.000000,1.000000,-0.000000,0.000000,-0.000000,-0.000000,-1.000000,0.000000,0.047988,0.000000,0.000000,1.000000;;
            }
           }
          }
         }
        }
       }
      }
     }

     Frame Bip01_BackPack {
      

      FrameTransformMatrix {
       0.015425,-0.000056,-0.999881,0.000000,0.067734,0.997703,0.000989,0.000000,0.997584,-0.067741,0.015393,0.000000,0.063696,0.000003,-0.088849,1.000000;;
      }

      Frame Bip01_BackPackNub {
       

       FrameTransformMatrix {
        0.000796,0.000003,1.000000,0.000000,-0.000004,-1.000000,0.000003,0.000000,1.000000,-0.000004,-0.000796,0.000000,0.053240,-0.000000,0.000000,1.000000;;
       }
      }
     }
    }

    Frame Bip01_L_Thigh {
     

     FrameTransformMatrix {
      -0.943815,0.266117,0.195947,0.000000,-0.171771,-0.901573,0.397066,0.000000,0.282326,0.341099,0.896629,0.000000,-0.045633,0.055817,0.004659,1.000000;;
     }

     Frame Bip01_L_Calf {
      

      FrameTransformMatrix {
       0.960891,-0.000000,-0.276926,0.000000,0.000000,1.000000,-0.000000,0.000000,0.276926,0.000000,0.960891,0.000000,0.237500,0.000000,-0.000000,1.000000;;
      }

      Frame Bip01_L_Foot {
       

       FrameTransformMatrix {
        0.994112,0.106220,0.021437,0.000000,-0.108130,0.959463,0.260266,0.000000,0.007077,-0.261052,0.965300,0.000000,0.206841,0.000000,0.000000,1.000000;;
       }

       Frame Bip01_L_Toe0 {
        

        FrameTransformMatrix {
         -0.281149,0.092896,0.955158,0.000000,0.009525,0.995525,-0.094018,0.000000,-0.959617,-0.017335,-0.280776,0.000000,0.065373,0.000000,0.066450,1.000000;;
        }

        Frame Bip01_L_Toe0Nub {
         

         FrameTransformMatrix {
          -1.000000,-0.000000,0.000000,0.000000,-0.000000,1.000000,0.000000,0.000000,-0.000000,0.000000,-1.000000,0.000000,0.006735,-0.000000,0.000000,1.000000;;
         }
        }
       }
      }
     }
    }

    Frame Bip01_R_Thigh {
     

     FrameTransformMatrix {
      -0.970147,-0.142899,0.195943,0.000000,0.152878,-0.987563,0.036705,0.000000,0.188261,0.065564,0.979928,0.000000,-0.055914,-0.053743,0.014160,1.000000;;
     }

     Frame Bip01_R_Calf {
      

      FrameTransformMatrix {
       0.860705,-0.000000,-0.509104,0.000000,0.000000,1.000000,0.000000,0.000000,0.509104,-0.000000,0.860705,0.000000,0.237500,-0.000000,0.000000,1.000000;;
      }

      Frame Bip01_R_Foot {
       

       FrameTransformMatrix {
        0.920341,-0.181368,0.346522,0.000000,0.218728,0.973157,-0.071582,0.000000,-0.324238,0.141674,0.935307,0.000000,0.206841,0.000000,-0.000000,1.000000;;
       }

       Frame Bip01_R_Toe0 {
        

        FrameTransformMatrix {
         0.793110,-0.384599,0.472293,0.000000,-0.009867,0.767207,0.641323,0.000000,-0.608999,-0.513300,0.604685,0.000000,0.065373,0.000000,0.066450,1.000000;;
        }

        Frame Bip01_R_Toe0Nub {
         

         FrameTransformMatrix {
          1.000000,0.000000,-0.000000,0.000000,-0.000000,1.000000,-0.000000,0.000000,0.000000,0.000000,1.000000,0.000000,0.006735,-0.000000,-0.000000,1.000000;;
         }
        }
       }
      }
     }
    }
   }

   Frame Bip01_DressFront {
    

    FrameTransformMatrix {
     -0.995138,-0.084051,-0.051337,0.000000,-0.083943,0.996461,-0.004265,0.000000,0.051514,0.000065,-0.998672,0.000000,-0.044009,0.001399,0.061087,1.000000;;
    }

    Frame Bip01_DressFront02 {
     

     FrameTransformMatrix {
      0.997128,-0.000000,0.075731,0.000000,0.000000,1.000000,-0.000000,0.000000,-0.075731,0.000000,0.997128,0.000000,0.183334,0.000000,-0.000131,1.000000;;
     }

     Frame Bip01_DressFrontNub {
      

      FrameTransformMatrix {
       0.000796,0.000003,1.000000,0.000000,0.000023,-1.000000,0.000003,0.000000,1.000000,0.000023,-0.000796,0.000000,0.165302,-0.000000,0.000000,1.000000;;
      }
     }
    }
   }

   Frame Bip01_DressBack {
    

    FrameTransformMatrix {
     -0.993273,-0.085672,0.077908,0.000000,-0.077908,0.992157,0.097752,0.000000,-0.085672,0.091025,-0.992157,0.000000,-0.047720,-0.000013,-0.078280,1.000000;;
    }

    Frame Bip01_DressBack02 {
     

     FrameTransformMatrix {
      0.931719,0.000001,0.363181,0.000000,-0.000001,1.000000,-0.000000,0.000000,-0.363181,-0.000000,0.931719,0.000000,0.176198,0.000000,-0.000101,1.000000;;
     }

     Frame Bip01_DressBackNub {
      

      FrameTransformMatrix {
       0.000796,0.000003,1.000000,0.000000,0.000052,-1.000000,0.000003,0.000000,1.000000,0.000052,-0.000796,0.000000,0.136508,0.000000,0.000000,1.000000;;
      }
     }
    }
   }
  }

  Frame Bip01_Prop1 {
   

   FrameTransformMatrix {
    -0.248450,-0.133264,0.959434,0.000000,0.603907,0.753113,0.260991,0.000000,-0.757343,0.644252,-0.106632,0.000000,0.110655,-0.008559,-0.113515,1.000000;;
   }
  }

  Frame Bip01_Prop2 {
   

   FrameTransformMatrix {
    0.619219,-0.579509,0.529846,0.000000,0.772153,0.326810,-0.544955,0.000000,0.142648,0.746569,0.649836,0.000000,0.069563,-0.054508,0.212026,1.000000;;
   }
  }
 }
}

Frame Translation_Data {
 

 FrameTransformMatrix {
  0.000000,0.000000,-1.000000,0.000000,-1.000000,-0.000000,-0.000000,0.000000,-0.000000,1.000000,-0.000000,0.000000,0.000000,0.000000,0.000000,1.000000;;
 }
}

Frame Body {
 

 FrameTransformMatrix {
  1.000000,0.000000,0.000000,0.000000,0.000000,1.000000,0.000000,0.000000,0.000000,0.000000,1.000000,0.000000,0.000000,0.000000,0.000000,1.000000;;
 }

 Mesh Body {
  617;
  0.052183;0.744807;-0.060434;,
  0.021818;0.771798;-0.033634;,
  0.019580;0.740056;-0.045697;,
  0.059127;0.723995;-0.064553;,
  0.065124;0.709389;-0.066628;,
  0.019120;0.706436;-0.059414;,
  0.027003;0.674464;-0.064319;,
  0.073898;0.678478;-0.054861;,
  0.039263;0.796627;-0.004012;,
  0.073404;0.774875;-0.024322;,
  0.093711;0.774422;-0.000654;,
  0.069027;0.780959;0.017746;,
  0.094001;0.539662;0.012667;,
  0.069835;0.527818;0.052643;,
  0.069089;0.542393;0.047737;,
  0.087061;0.549822;0.012583;,
  0.054357;0.557888;-0.032084;,
  0.074756;0.531339;-0.025148;,
  0.014810;0.555961;-0.044907;,
  0.017531;0.502232;-0.043629;,
  0.048137;0.512296;-0.047500;,
  -0.018707;0.710217;-0.043914;,
  -0.024062;0.675201;-0.045361;,
  0.033027;0.520406;0.072001;,
  0.031959;0.537807;0.068740;,
  0.084885;0.647197;0.045963;,
  0.042053;0.650413;0.075409;,
  0.042621;0.691952;0.077054;,
  0.090669;0.690578;0.046231;,
  0.042205;0.466372;-0.066112;,
  0.058699;0.373294;-0.096114;,
  0.101936;0.369297;-0.076877;,
  0.085385;0.460766;-0.040749;,
  0.065979;0.281696;-0.124404;,
  0.103499;0.275960;-0.087586;,
  0.002598;0.455467;-0.037346;,
  0.029999;0.416078;0.041361;,
  0.040513;0.341633;0.006758;,
  0.017838;0.360026;-0.063376;,
  0.059201;0.263358;-0.040032;,
  0.047734;0.267965;-0.080435;,
  0.098270;0.429148;0.009173;,
  0.116272;0.353996;-0.015593;,
  0.098515;0.271391;-0.047408;,
  0.129539;-0.000568;-0.077596;,
  0.085119;-0.002806;-0.084436;,
  0.086394;-0.003829;-0.035644;,
  0.121103;-0.002031;-0.032972;,
  0.079346;0.221251;-0.106196;,
  0.088158;0.147709;-0.108419;,
  0.122404;0.148609;-0.085902;,
  0.115665;0.222994;-0.083994;,
  0.102261;0.068491;-0.110310;,
  0.124767;0.068777;-0.084101;,
  0.046000;0.196630;-0.076424;,
  0.055884;0.209614;-0.023128;,
  0.069054;0.146443;-0.036347;,
  0.064586;0.140189;-0.078478;,
  0.093950;0.074749;-0.057451;,
  0.088296;0.058881;-0.087733;,
  0.125037;0.226696;-0.035591;,
  0.129584;0.153388;-0.048334;,
  0.117148;0.082250;-0.059744;,
  0.082213;0.502581;-0.028923;,
  -0.024158;0.493464;-0.035356;,
  -0.017771;0.457232;-0.029640;,
  0.002598;0.455467;-0.037346;,
  0.110264;0.488572;0.015804;,
  0.078396;0.479442;0.060335;,
  0.100835;0.440593;0.012308;,
  0.069048;0.435360;0.048800;,
  0.076484;0.597384;0.043287;,
  0.103220;0.643442;0.015032;,
  0.104618;0.647055;-0.005617;,
  0.072136;0.647954;-0.048355;,
  0.057665;0.600253;-0.033428;,
  0.090437;0.597385;0.005180;,
  0.024529;0.645390;-0.061518;,
  0.022763;0.596947;-0.046143;,
  -0.026994;0.650275;-0.039094;,
  -0.021471;0.593238;-0.024672;,
  0.111169;0.704129;-0.080872;,
  0.066426;0.695405;-0.052278;,
  0.143704;0.665991;-0.073670;,
  0.097316;0.643001;-0.043511;,
  0.130258;0.610761;-0.030954;,
  0.168351;0.628016;-0.055626;,
  0.092921;0.708769;0.000932;,
  0.121346;0.667990;0.012735;,
  0.097316;0.643001;-0.043511;,
  0.154458;0.615087;0.012380;,
  0.130258;0.610761;-0.030954;,
  0.101766;0.715527;0.003056;,
  0.135031;0.728170;-0.024293;,
  0.167700;0.691304;-0.017457;,
  0.192519;0.632118;-0.012192;,
  0.127141;0.718574;-0.060078;,
  0.164798;0.622449;-0.072089;,
  0.119394;0.600930;-0.044237;,
  0.124961;0.554566;-0.082985;,
  0.153729;0.570447;-0.099343;,
  0.127683;0.518057;-0.104290;,
  0.147802;0.525616;-0.120419;,
  0.119394;0.600930;-0.044237;,
  0.157445;0.575759;-0.000473;,
  0.165788;0.533954;-0.048602;,
  0.124961;0.554566;-0.082985;,
  0.158522;0.502191;-0.085817;,
  0.127683;0.518057;-0.104290;,
  0.202584;0.597251;-0.028140;,
  0.187632;0.546530;-0.061202;,
  0.171041;0.508087;-0.096546;,
  0.121104;0.447664;-0.214073;,
  0.112443;0.450612;-0.194069;,
  0.147469;0.434561;-0.165186;,
  0.155604;0.431931;-0.185137;,
  0.098735;0.484437;-0.170985;,
  0.103876;0.476008;-0.176308;,
  0.109204;0.482015;-0.183830;,
  0.099322;0.492291;-0.179591;,
  0.151365;0.470044;-0.112459;,
  0.160369;0.456954;-0.146274;,
  0.126250;0.494097;-0.161813;,
  0.113338;0.497061;-0.129667;,
  0.177004;0.494281;-0.126122;,
  0.172555;0.464441;-0.160186;,
  0.137895;0.523648;-0.143730;,
  0.139991;0.500726;-0.174609;,
  0.102015;0.767306;-0.036106;,
  0.092898;0.763810;-0.064356;,
  0.073404;0.774875;-0.024322;,
  0.061456;0.767306;-0.044771;,
  0.114865;0.690471;0.013471;,
  0.036362;0.785830;-0.030196;,
  0.078429;0.743919;-0.077131;,
  0.052183;0.744807;-0.060434;,
  0.059127;0.723995;-0.064553;,
  0.079376;0.716847;-0.072237;,
  0.112746;0.734562;0.002350;,
  0.087388;0.730544;0.036661;,
  0.113168;0.738008;-0.002686;,
  0.037419;0.729242;0.066320;,
  0.024735;0.778521;0.034421;,
  0.093711;0.774422;-0.000654;,
  0.113168;0.738008;-0.002686;,
  0.078135;0.706656;-0.039879;,
  0.109378;0.726637;-0.010068;,
  0.066426;0.695405;-0.052278;,
  0.101624;0.683655;-0.014949;,
  0.079270;0.676925;-0.041197;,
  0.065124;0.709389;-0.066628;,
  0.113812;0.687965;-0.004048;,
  0.113338;0.497061;-0.129667;,
  0.033666;0.817527;0.003795;,
  0.036197;0.814638;-0.018706;,
  0.015336;0.801015;0.012477;,
  0.011621;0.820467;0.019013;,
  0.139991;0.500726;-0.174609;,
  0.121104;0.447664;-0.214073;,
  0.155604;0.431931;-0.185137;,
  0.103227;0.493292;-0.153675;,
  0.111320;0.507169;-0.173996;,
  0.103227;0.493292;-0.153675;,
  0.114631;0.482917;-0.162571;,
  0.130614;0.496187;-0.175769;,
  0.130614;0.496187;-0.175769;,
  0.098735;0.484437;-0.170985;,
  0.099322;0.492291;-0.179591;,
  0.109204;0.482015;-0.183830;,
  0.140967;0.023276;-0.153179;,
  0.112829;0.019526;-0.193270;,
  0.115746;0.001224;-0.200742;,
  0.148267;0.002154;-0.160355;,
  0.081749;0.029592;-0.045878;,
  0.086394;-0.003829;-0.035644;,
  0.085119;-0.002806;-0.084436;,
  0.082618;0.022100;-0.086572;,
  0.093950;0.074749;-0.057451;,
  0.117148;0.082250;-0.059744;,
  0.122965;0.034784;-0.042844;,
  0.129539;-0.000568;-0.077596;,
  0.121103;-0.002031;-0.032972;,
  0.129005;0.034441;-0.079258;,
  0.102261;0.068491;-0.110310;,
  0.124767;0.068777;-0.084101;,
  0.080109;-0.000840;-0.193273;,
  0.084766;0.014810;-0.185235;,
  0.148267;0.002154;-0.160355;,
  0.080109;-0.000840;-0.193273;,
  0.017838;0.360026;-0.063376;,
  0.047734;0.267965;-0.080435;,
  0.046000;0.196630;-0.076424;,
  0.064586;0.140189;-0.078478;,
  0.088296;0.058881;-0.087733;,
  0.088296;0.058881;-0.087733;,
  0.006775;0.436598;0.011294;,
  0.044316;0.821339;-0.031400;,
  0.034094;0.817992;-0.049970;,
  0.025524;0.811100;-0.047715;,
  0.023727;0.810760;-0.032673;,
  0.038310;0.839565;-0.006706;,
  0.032051;0.848644;0.014764;,
  0.013403;0.958975;-0.036553;,
  -0.006302;0.963006;-0.034584;,
  -0.008460;0.951334;-0.061974;,
  0.025012;0.893975;-0.086441;,
  0.021373;0.921982;-0.077211;,
  0.007552;0.892583;-0.091539;,
  0.049245;0.849029;-0.027411;,
  0.039115;0.838487;-0.053321;,
  0.043271;0.832376;-0.022129;,
  0.051031;0.883612;-0.009394;,
  0.049205;0.894130;-0.031486;,
  0.047000;0.930954;-0.036367;,
  0.036027;0.928899;-0.061970;,
  0.042687;0.890194;-0.057650;,
  0.040657;0.894442;0.028445;,
  0.049808;0.886993;0.007021;,
  0.002709;0.894050;0.043124;,
  0.000278;0.941830;0.031255;,
  0.032105;0.941037;0.018051;,
  0.043847;0.867523;-0.057191;,
  0.027490;0.862496;-0.079202;,
  0.028793;0.828896;-0.066471;,
  0.013896;0.804166;-0.077399;,
  -0.006282;0.800337;-0.085060;,
  -0.004313;0.797868;-0.064156;,
  0.017196;0.941019;-0.067594;,
  0.033300;0.949238;-0.038175;,
  0.045534;0.939188;-0.002179;,
  0.030806;0.956343;-0.009299;,
  -0.002917;0.962935;0.002665;,
  0.014087;0.961229;-0.001263;,
  0.002651;0.855879;0.030588;,
  0.045534;0.939188;-0.002179;,
  0.030806;0.956343;-0.009299;,
  0.053474;0.879378;-0.023009;,
  0.053566;0.851867;-0.028381;,
  0.061157;0.878897;-0.010400;,
  0.056795;0.897969;-0.017815;,
  0.061157;0.878897;-0.010400;,
  0.053566;0.851867;-0.028381;,
  0.056795;0.897969;-0.017815;,
  0.049205;0.894130;-0.031486;,
  0.049730;0.870056;-0.038804;,
  0.049245;0.849029;-0.027411;,
  0.026621;0.884729;-0.078649;,
  0.049730;0.870056;-0.038804;,
  0.036362;0.785830;-0.030196;,
  0.036197;0.814638;-0.018706;,
  0.061456;0.767306;-0.044771;,
  0.038310;0.839565;-0.006706;,
  -0.011646;0.760340;-0.036268;,
  -0.014061;0.736259;-0.037977;,
  -0.024568;0.551732;-0.026677;,
  0.041610;0.473640;0.079990;,
  0.039655;0.440547;0.071175;,
  0.034693;0.422641;0.061773;,
  -0.008633;0.797426;-0.045815;,
  0.006775;0.436598;0.011294;,
  0.014087;0.961229;-0.001263;,
  -0.002917;0.962935;0.002665;,
  0.013218;0.835850;-0.081803;,
  0.004501;0.858544;-0.087353;,
  0.004916;0.848914;-0.087909;,
  -0.009336;0.942213;-0.074464;,
  -0.009972;0.920771;-0.088149;,
  0.006550;0.883345;-0.082421;,
  0.037140;0.597669;0.069747;,
  0.061456;0.767306;-0.044771;,
  0.115746;0.001224;-0.200742;,
  0.012815;0.829251;-0.081722;,
  0.004599;0.827204;-0.088017;,
  0.004622;0.831892;-0.084256;,
  -0.009304;0.856540;-0.100813;,
  -0.008233;0.847726;-0.091765;,
  0.003833;0.835960;-0.088894;,
  -0.007052;0.831879;-0.083705;,
  -0.007413;0.825307;-0.089727;,
  -0.009906;0.891192;-0.096637;,
  -0.009313;0.881685;-0.093075;,
  0.109378;0.726637;-0.010068;,
  -0.007879;0.835835;-0.091575;,
  0.081314;0.712319;-0.023682;,
  0.078135;0.706656;-0.039879;,
  0.065124;0.709389;-0.066628;,
  0.049808;0.886993;0.007021;,
  0.079346;0.221251;-0.106196;,
  0.010424;0.221442;-0.094241;,
  0.025533;0.145066;-0.098389;,
  0.088158;0.147709;-0.108419;,
  0.065979;0.281696;-0.124404;,
  0.010031;0.279238;-0.101897;,
  0.058699;0.373294;-0.096114;,
  -0.003157;0.368918;-0.076218;,
  0.042205;0.466372;-0.066112;,
  -0.009629;0.455985;-0.060295;,
  0.017531;0.502232;-0.043629;,
  0.029679;0.072656;-0.104101;,
  0.102261;0.068491;-0.110310;,
  0.077637;0.136444;-0.009685;,
  0.089526;0.067403;-0.014094;,
  0.042244;0.063063;0.069284;,
  0.034394;0.135128;0.058800;,
  0.022385;0.200331;0.042400;,
  0.063002;0.207862;-0.010460;,
  0.018093;0.260136;0.037819;,
  0.058447;0.256454;-0.009712;,
  0.042562;0.338285;0.021195;,
  0.025290;0.341088;0.050733;,
  0.039414;0.413017;0.067749;,
  0.081314;0.712319;-0.023682;,
  -0.070632;0.757218;0.000154;,
  -0.081492;0.737244;0.004934;,
  -0.039898;0.743918;-0.016080;,
  -0.028348;0.775056;-0.008654;,
  -0.086599;0.719763;0.009144;,
  -0.085574;0.687368;0.030302;,
  -0.068009;0.679761;-0.013580;,
  -0.054019;0.711185;-0.022995;,
  -0.012632;0.799997;0.021829;,
  -0.014728;0.786398;0.059452;,
  -0.045122;0.784846;0.068080;,
  -0.050842;0.787546;0.036326;,
  -0.051322;0.526768;0.093310;,
  -0.045160;0.540872;0.088927;,
  -0.005016;0.537377;0.090524;,
  -0.003439;0.521317;0.093305;,
  -0.068719;0.549557;0.038979;,
  -0.072087;0.518310;0.056339;,
  -0.060201;0.550884;-0.001596;,
  -0.074022;0.501500;0.019562;,
  -0.053995;0.495885;-0.003938;,
  0.031959;0.537807;0.068740;,
  0.033027;0.520406;0.072001;,
  -0.004843;0.651112;0.098154;,
  -0.009590;0.696168;0.099774;,
  0.042621;0.691952;0.077054;,
  0.042053;0.650413;0.075409;,
  -0.075204;0.453977;-0.001772;,
  -0.086852;0.450128;0.047468;,
  -0.120583;0.357085;0.038785;,
  -0.102081;0.358299;-0.004938;,
  -0.125072;0.263397;0.039448;,
  -0.123242;0.260050;-0.012549;,
  -0.024625;0.444031;-0.006912;,
  -0.049328;0.347037;-0.007717;,
  -0.017607;0.335554;0.060351;,
  0.016687;0.412720;0.062490;,
  -0.079028;0.254379;0.007464;,
  -0.059685;0.258232;0.043870;,
  -0.088880;0.347686;0.094479;,
  -0.055775;0.421648;0.092812;,
  -0.093963;0.266444;0.064412;,
  -0.098283;-0.001503;0.121537;,
  -0.065686;-0.001525;0.153191;,
  -0.038772;-0.001071;0.131043;,
  -0.065807;-0.000926;0.090392;,
  -0.110910;0.204209;0.025642;,
  -0.121918;0.215892;0.065105;,
  -0.114705;0.145725;0.089734;,
  -0.105535;0.134890;0.051274;,
  -0.101542;0.069899;0.115426;,
  -0.101705;0.063289;0.081423;,
  -0.062553;0.188214;0.028839;,
  -0.067066;0.135804;0.056553;,
  -0.042686;0.155823;0.085518;,
  -0.035626;0.218638;0.066997;,
  -0.074336;0.060338;0.090873;,
  -0.061743;0.081644;0.113052;,
  -0.095095;0.163069;0.118024;,
  -0.096297;0.235936;0.102338;,
  -0.081736;0.088571;0.125519;,
  -0.075271;0.488608;0.058469;,
  -0.024625;0.444031;-0.006912;,
  0.005122;0.472941;0.100997;,
  -0.050241;0.474331;0.104873;,
  0.000714;0.430103;0.090739;,
  -0.050252;0.430871;0.095004;,
  -0.004369;0.599166;0.092653;,
  -0.041100;0.649740;0.098977;,
  -0.059500;0.654216;0.089843;,
  -0.044892;0.600367;0.087805;,
  -0.064691;0.602949;0.041277;,
  -0.080823;0.654628;0.040614;,
  -0.060532;0.598782;0.004713;,
  -0.069235;0.649481;-0.006979;,
  -0.120720;0.722701;0.034274;,
  -0.134465;0.686413;0.066819;,
  -0.068482;0.717562;0.022427;,
  -0.133691;0.655497;0.103721;,
  -0.087816;0.642215;0.095196;,
  -0.078624;0.667358;0.056395;,
  -0.049943;0.738735;0.076463;,
  -0.078624;0.667358;0.056395;,
  -0.057301;0.700436;0.109469;,
  -0.087816;0.642215;0.095196;,
  -0.076813;0.643826;0.138199;,
  -0.055174;0.745842;0.083572;,
  -0.113172;0.719806;0.119810;,
  -0.098955;0.754886;0.087555;,
  -0.122597;0.656830;0.146761;,
  -0.118229;0.740175;0.058452;,
  -0.139864;0.658820;0.086171;,
  -0.145531;0.615524;0.045395;,
  -0.112025;0.603750;0.036110;,
  -0.085906;0.643323;0.073975;,
  -0.151873;0.577016;0.014297;,
  -0.125698;0.572939;0.012740;,
  -0.085906;0.643323;0.073975;,
  -0.112025;0.603750;0.036110;,
  -0.120016;0.569566;0.081294;,
  -0.085323;0.604320;0.123554;,
  -0.125698;0.572939;0.012740;,
  -0.135130;0.546669;0.040412;,
  -0.145605;0.579033;0.088343;,
  -0.138954;0.619862;0.135628;,
  -0.152993;0.551102;0.041607;,
  -0.141809;0.519757;-0.083019;,
  -0.157355;0.494090;-0.045943;,
  -0.152337;0.506148;-0.028607;,
  -0.136592;0.532390;-0.065784;,
  -0.127310;0.555893;-0.048055;,
  -0.130337;0.563991;-0.055888;,
  -0.137544;0.551899;-0.060696;,
  -0.130460;0.546877;-0.053938;,
  -0.136525;0.522638;0.006195;,
  -0.126477;0.563690;-0.019994;,
  -0.154866;0.557933;-0.039225;,
  -0.160208;0.509300;-0.019439;,
  -0.179830;0.512183;-0.021618;,
  -0.170637;0.535427;0.016404;,
  -0.160692;0.579087;-0.009995;,
  -0.174715;0.559335;-0.039936;,
  -0.076009;0.789395;0.051190;,
  -0.093343;0.786989;0.026946;,
  -0.059544;0.780225;0.014841;,
  -0.050842;0.787546;0.036326;,
  -0.050152;0.699671;0.101596;,
  -0.032844;0.790324;0.004265;,
  -0.098999;0.765399;0.009722;,
  -0.098830;0.738197;0.016242;,
  -0.081492;0.737244;0.004934;,
  -0.070632;0.757218;0.000154;,
  -0.058446;0.747909;0.087717;,
  -0.062432;0.751859;0.084820;,
  -0.015879;0.737249;0.088083;,
  0.037419;0.729242;0.066320;,
  0.024735;0.778521;0.034421;,
  -0.045122;0.784846;0.068080;,
  -0.062432;0.751859;0.084820;,
  -0.074504;0.718768;0.036143;,
  -0.068482;0.717562;0.022427;,
  -0.067303;0.741548;0.078002;,
  -0.077328;0.685655;0.042431;,
  -0.067156;0.693065;0.075185;,
  -0.086599;0.719763;0.009144;,
  -0.064382;0.697900;0.091114;,
  -0.126477;0.563690;-0.019994;,
  -0.029948;0.815992;0.001390;,
  -0.015268;0.818528;0.018662;,
  0.011621;0.820467;0.019013;,
  0.015336;0.801015;0.012477;,
  -0.174715;0.559335;-0.039936;,
  -0.141809;0.519757;-0.083019;,
  -0.157355;0.494090;-0.045943;,
  -0.145353;0.574825;-0.048558;,
  -0.132897;0.561917;-0.029869;,
  -0.132897;0.561917;-0.029869;,
  -0.141813;0.549710;-0.039267;,
  -0.161336;0.559459;-0.050648;,
  -0.161336;0.559459;-0.050648;,
  -0.130337;0.563991;-0.055888;,
  -0.127310;0.555893;-0.048055;,
  -0.137544;0.551899;-0.060696;,
  -0.152563;0.020039;0.066748;,
  -0.161256;-0.001657;0.064600;,
  -0.157836;-0.001224;0.012853;,
  -0.152364;0.017374;0.017698;,
  -0.043046;0.032377;0.120734;,
  -0.066625;0.024044;0.087756;,
  -0.065807;-0.000926;0.090392;,
  -0.038772;-0.001071;0.131043;,
  -0.061743;0.081644;0.113052;,
  -0.075286;0.034884;0.146988;,
  -0.081736;0.088571;0.125519;,
  -0.098283;-0.001503;0.121537;,
  -0.101096;0.033425;0.120639;,
  -0.065686;-0.001525;0.153191;,
  -0.101705;0.063289;0.081423;,
  -0.101542;0.069899;0.115426;,
  -0.124538;0.014687;0.008064;,
  -0.124325;-0.000775;-0.001533;,
  -0.124325;-0.000775;-0.001533;,
  -0.161256;-0.001657;0.064600;,
  -0.049328;0.347037;-0.007717;,
  -0.079028;0.254379;0.007464;,
  -0.062553;0.188214;0.028839;,
  -0.067066;0.135804;0.056553;,
  -0.074336;0.060338;0.090873;,
  -0.074336;0.060338;0.090873;,
  -0.047489;0.818739;-0.023060;,
  -0.027511;0.811809;-0.017106;,
  -0.031397;0.809489;-0.042544;,
  -0.040607;0.815877;-0.043184;,
  -0.038167;0.837399;0.000241;,
  -0.028665;0.846925;0.020279;,
  -0.025782;0.957865;-0.032993;,
  -0.006302;0.963006;-0.034584;,
  -0.042517;0.892063;-0.080307;,
  -0.026211;0.891627;-0.088472;,
  -0.038853;0.920277;-0.071740;,
  -0.047291;0.836041;-0.045472;,
  -0.053165;0.846129;-0.018108;,
  -0.045413;0.829865;-0.014073;,
  -0.053616;0.880649;0.000113;,
  -0.056391;0.891140;-0.021894;,
  -0.054480;0.887443;-0.048823;,
  -0.050889;0.926439;-0.054074;,
  -0.057170;0.928005;-0.026904;,
  -0.049649;0.884177;0.016056;,
  -0.037223;0.892237;0.035519;,
  0.002709;0.894050;0.043124;,
  -0.033311;0.939185;0.023994;,
  0.000278;0.941830;0.031255;,
  -0.054264;0.864745;-0.048278;,
  -0.038983;0.826977;-0.060314;,
  -0.041881;0.860532;-0.072900;,
  -0.024933;0.803066;-0.073871;,
  -0.034088;0.939567;-0.062935;,
  -0.045068;0.947019;-0.031056;,
  -0.037818;0.954400;-0.003065;,
  -0.050037;0.936482;0.006503;,
  -0.020226;0.960258;0.001854;,
  -0.002917;0.962935;0.002665;,
  0.002651;0.855879;0.030588;,
  -0.050037;0.936482;0.006503;,
  -0.037818;0.954400;-0.003065;,
  -0.063307;0.875373;0.000907;,
  -0.057647;0.848718;-0.018279;,
  -0.058229;0.876215;-0.012862;,
  -0.061416;0.894622;-0.007077;,
  -0.057647;0.848718;-0.018279;,
  -0.063307;0.875373;0.000907;,
  -0.061416;0.894622;-0.007077;,
  -0.056391;0.891140;-0.021894;,
  -0.056873;0.867038;-0.029120;,
  -0.053165;0.846129;-0.018108;,
  -0.042176;0.882781;-0.072399;,
  -0.056873;0.867038;-0.029120;,
  -0.029948;0.815992;0.001390;,
  -0.032844;0.790324;0.004265;,
  -0.059544;0.780225;0.014841;,
  -0.038167;0.837399;0.000241;,
  0.041610;0.473640;0.079990;,
  0.039655;0.440547;0.071175;,
  0.034693;0.422641;0.061773;,
  0.006775;0.436598;0.011294;,
  -0.020226;0.960258;0.001854;,
  -0.002917;0.962935;0.002665;,
  -0.026839;0.834716;-0.078165;,
  -0.020518;0.848194;-0.085599;,
  -0.020550;0.857835;-0.085078;,
  -0.023067;0.882507;-0.079731;,
  0.037140;0.597669;0.069747;,
  -0.059544;0.780225;0.014841;,
  -0.157836;-0.001224;0.012853;,
  -0.019008;0.826535;-0.085873;,
  -0.026058;0.828150;-0.078190;,
  -0.018617;0.831234;-0.082145;,
  -0.018905;0.835316;-0.086828;,
  -0.067303;0.741548;0.078002;,
  -0.062647;0.724149;0.048239;,
  -0.074504;0.718768;0.036143;,
  -0.086599;0.719763;0.009144;,
  -0.049649;0.884177;0.016056;,
  -0.070724;0.208486;-0.029602;,
  -0.075268;0.134351;-0.011273;,
  -0.030868;0.140544;-0.063286;,
  -0.031416;0.217877;-0.063693;,
  -0.079133;0.267638;-0.040283;,
  -0.035991;0.274567;-0.067180;,
  -0.053756;0.359753;-0.037044;,
  -0.029632;0.363544;-0.055145;,
  -0.038609;0.447742;-0.035904;,
  -0.025837;0.449058;-0.048102;,
  -0.024158;0.493464;-0.035356;,
  -0.053995;0.495885;-0.003938;,
  -0.076822;0.063460;-0.000832;,
  -0.032121;0.074628;-0.066369;,
  -0.019201;0.081441;0.125784;,
  -0.081724;0.088571;0.125512;,
  -0.095095;0.163069;0.118024;,
  -0.025602;0.152892;0.102891;,
  -0.096297;0.235936;0.102338;,
  -0.034281;0.220113;0.084222;,
  -0.035980;0.259070;0.068384;,
  -0.093963;0.266444;0.064412;,
  -0.088880;0.347686;0.094479;,
  -0.007947;0.332335;0.074588;,
  0.039655;0.440547;0.071175;,
  0.000714;0.430103;0.090739;,
  -0.062647;0.724149;0.048239;,
  -0.075204;0.453977;-0.001772;,
  -0.102081;0.358299;-0.004938;,
  -0.123242;0.260050;-0.012549;,
  -0.110910;0.204209;0.025642;,
  -0.105535;0.134890;0.051274;,
  -0.101705;0.063289;0.081423;,
  0.098270;0.429148;0.009173;,
  0.116272;0.353996;-0.015593;,
  0.069048;0.435360;0.048800;,
  0.098515;0.271391;-0.047408;,
  0.125037;0.226696;-0.035591;,
  0.129584;0.153388;-0.048334;,
  0.117148;0.082250;-0.059744;,
  -0.055775;0.421648;0.092812;;
  916;
  3;0,2,1;,
  3;2,0,3;,
  3;4,6,5;,
  3;6,4,7;,
  3;8,10,9;,
  3;10,8,11;,
  3;12,14,13;,
  3;14,12,15;,
  3;16,12,17;,
  3;12,16,15;,
  3;18,20,19;,
  3;20,18,16;,
  3;5,22,21;,
  3;22,5,6;,
  3;13,24,23;,
  3;24,13,14;,
  3;25,27,26;,
  3;27,25,28;,
  3;29,31,30;,
  3;31,29,32;,
  3;31,33,30;,
  3;33,31,34;,
  3;35,37,36;,
  3;37,35,38;,
  3;38,39,37;,
  3;39,38,40;,
  3;36,42,41;,
  3;42,36,37;,
  3;37,43,42;,
  3;43,37,39;,
  3;41,31,32;,
  3;31,41,42;,
  3;42,34,31;,
  3;34,42,43;,
  3;44,46,45;,
  3;46,44,47;,
  3;48,50,49;,
  3;50,48,51;,
  3;49,53,52;,
  3;53,49,50;,
  3;54,56,55;,
  3;56,54,57;,
  3;57,58,56;,
  3;58,57,59;,
  3;55,61,60;,
  3;61,55,56;,
  3;56,62,61;,
  3;62,56,58;,
  3;60,50,51;,
  3;50,60,61;,
  3;61,53,50;,
  3;53,61,62;,
  3;32,20,63;,
  3;20,32,29;,
  3;64,66,65;,
  3;66,64,19;,
  3;13,67,12;,
  3;67,13,68;,
  3;68,69,67;,
  3;69,68,70;,
  3;70,41,69;,
  3;41,70,36;,
  3;48,34,51;,
  3;34,48,33;,
  3;51,43,60;,
  3;43,51,34;,
  3;43,55,60;,
  3;55,43,39;,
  3;39,54,55;,
  3;54,39,40;,
  3;12,63,17;,
  3;63,12,67;,
  3;67,32,63;,
  3;32,67,69;,
  3;69,41,32;,
  3;71,72,25;,
  3;73,75,74;,
  3;75,73,76;,
  3;75,77,74;,
  3;77,75,78;,
  3;79,78,80;,
  3;78,79,77;,
  3;81,83,82;,
  3;83,85,84;,
  3;85,83,86;,
  3;87,89,88;,
  3;89,90,88;,
  3;90,89,91;,
  3;92,94,93;,
  3;92,88,94;,
  3;92,87,88;,
  3;88,95,94;,
  3;95,88,90;,
  3;96,94,83;,
  3;94,86,83;,
  3;86,94,95;,
  3;97,99,98;,
  3;99,97,100;,
  3;100,101,99;,
  3;101,100,102;,
  3;103,105,104;,
  3;105,103,106;,
  3;106,107,105;,
  3;107,106,108;,
  3;104,110,109;,
  3;110,104,105;,
  3;105,111,110;,
  3;111,105,107;,
  3;109,100,97;,
  3;100,109,110;,
  3;110,102,100;,
  3;102,110,111;,
  3;112,114,113;,
  3;114,112,115;,
  3;116,118,117;,
  3;118,116,119;,
  3;120,122,121;,
  3;122,120,123;,
  3;120,125,124;,
  3;125,120,121;,
  3;126,125,127;,
  3;125,126,124;,
  3;95,97,86;,
  3;97,95,109;,
  3;86,98,85;,
  3;98,86,97;,
  3;90,103,104;,
  3;103,90,91;,
  3;104,95,90;,
  3;95,104,109;,
  3;128,96,129;,
  3;96,128,93;,
  3;129,130,128;,
  3;130,129,131;,
  3;72,28,25;,
  3;28,72,132;,
  3;9,133,8;,
  3;134,136,135;,
  3;136,134,137;,
  3;81,137,134;,
  3;138,11,139;,
  3;138,10,11;,
  3;138,140,10;,
  3;141,11,142;,
  3;11,141,139;,
  3;128,130,143;,
  3;93,144,92;,
  3;93,143,144;,
  3;93,128,143;,
  3;145,87,146;,
  3;87,145,147;,
  3;74,148,73;,
  3;148,74,149;,
  3;150,147,145;,
  3;7,149,74;,
  3;148,151,73;,
  3;102,152,101;,
  3;152,102,126;,
  3;102,124,126;,
  3;124,102,111;,
  3;111,120,124;,
  3;120,111,107;,
  3;120,108,123;,
  3;108,120,107;,
  3;8,154,153;,
  3;154,8,133;,
  3;153,155,8;,
  3;155,153,156;,
  3;121,113,114;,
  3;113,121,122;,
  3;122,112,113;,
  3;112,122,157;,
  3;158,125,159;,
  3;125,158,127;,
  3;159,121,114;,
  3;121,159,125;,
  3;126,160,152;,
  3;160,126,161;,
  3;162,122,123;,
  3;122,162,163;,
  3;122,164,157;,
  3;164,122,163;,
  3;165,126,127;,
  3;126,165,161;,
  3;161,166,160;,
  3;166,161,167;,
  3;162,117,163;,
  3;117,162,116;,
  3;163,118,164;,
  3;118,163,117;,
  3;165,167,161;,
  3;167,165,168;,
  3;169,171,170;,
  3;171,169,172;,
  3;173,175,174;,
  3;175,173,176;,
  3;177,179,178;,
  3;179,177,173;,
  3;180,179,181;,
  3;179,180,182;,
  3;183,169,170;,
  3;169,183,184;,
  3;175,186,185;,
  3;186,175,176;,
  3;45,187,44;,
  3;187,45,188;,
  3;180,169,182;,
  3;169,180,172;,
  3;19,29,66;,
  3;20,29,19;,
  3;29,30,189;,
  3;30,190,189;,
  3;190,30,33;,
  3;33,191,190;,
  3;191,33,48;,
  3;191,49,192;,
  3;49,191,48;,
  3;192,52,193;,
  3;52,192,49;,
  3;194,170,186;,
  3;170,194,183;,
  3;170,185,186;,
  3;185,170,171;,
  3;186,176,194;,
  3;194,173,177;,
  3;173,194,176;,
  3;179,174,181;,
  3;174,179,173;,
  3;178,182,184;,
  3;182,178,179;,
  3;182,169,184;,
  3;16,17,20;,
  3;17,63,20;,
  3;66,195,65;,
  3;196,198,197;,
  3;198,196,199;,
  3;200,153,154;,
  3;153,200,201;,
  3;202,204,203;,
  3;205,207,206;,
  3;196,209,208;,
  3;209,196,197;,
  3;210,208,211;,
  3;208,210,196;,
  3;212,214,213;,
  3;214,212,215;,
  3;212,213,211;,
  3;201,217,216;,
  3;217,201,200;,
  3;218,220,219;,
  3;220,218,216;,
  3;210,199,196;,
  3;214,205,206;,
  3;221,223,222;,
  3;197,198,224;,
  3;224,226,225;,
  3;226,224,198;,
  3;227,214,206;,
  3;228,229,213;,
  3;229,228,230;,
  3;219,232,231;,
  3;214,228,213;,
  3;156,201,233;,
  3;201,156,153;,
  3;233,216,218;,
  3;216,233,201;,
  3;220,216,234;,
  3;235,220,234;,
  3;236,238,237;,
  3;238,236,239;,
  3;208,240,211;,
  3;240,208,241;,
  3;211,242,212;,
  3;242,211,240;,
  3;243,236,244;,
  3;236,243,239;,
  3;244,237,245;,
  3;237,244,236;,
  3;246,221,222;,
  3;221,246,215;,
  3;221,212,247;,
  3;212,221,215;,
  3;199,248,1;,
  3;248,199,249;,
  3;133,9,250;,
  3;249,210,251;,
  3;210,249,199;,
  3;210,211,251;,
  3;252,2,253;,
  3;2,252,1;,
  3;19,254,18;,
  3;254,19,64;,
  3;23,68,13;,
  3;68,23,255;,
  3;68,256,70;,
  3;256,68,255;,
  3;256,36,70;,
  3;36,256,257;,
  3;258,1,252;,
  3;1,258,199;,
  3;257,259,36;,
  3;36,259,35;,
  3;260,203,261;,
  3;203,260,202;,
  3;262,263,222;,
  3;263,262,264;,
  3;198,258,226;,
  3;258,198,199;,
  3;265,204,227;,
  3;265,206,266;,
  3;206,265,227;,
  3;222,267,246;,
  3;267,222,263;,
  3;89,87,147;,
  3;82,83,84;,
  3;78,16,18;,
  3;16,78,75;,
  3;75,15,16;,
  3;15,75,76;,
  3;15,71,14;,
  3;71,15,76;,
  3;14,268,24;,
  3;268,14,71;,
  3;248,269,1;,
  3;1,269,0;,
  3;135,129,134;,
  3;129,135,131;,
  3;134,96,81;,
  3;96,134,129;,
  3;96,83,81;,
  3;94,96,93;,
  3;29,189,66;,
  3;205,215,246;,
  3;267,205,246;,
  3;205,267,207;,
  3;205,214,215;,
  3;187,188,270;,
  3;224,272,271;,
  3;223,221,209;,
  3;224,223,197;,
  3;271,273,262;,
  3;273,271,272;,
  3;263,275,274;,
  3;273,276,262;,
  3;277,272,278;,
  3;272,277,273;,
  3;223,271,262;,
  3;271,223,224;,
  3;223,209,197;,
  3;208,221,247;,
  3;221,208,209;,
  3;222,223,262;,
  3;266,207,279;,
  3;207,266,206;,
  3;207,280,279;,
  3;280,207,267;,
  3;280,263,274;,
  3;263,280,267;,
  3;264,262,276;,
  3;76,73,72;,
  3;138,281,140;,
  3;73,132,72;,
  3;132,73,151;,
  3;72,71,76;,
  3;272,225,278;,
  3;155,11,8;,
  3;276,277,282;,
  3;277,276,273;,
  3;275,276,282;,
  3;276,275,264;,
  3;28,141,27;,
  3;141,28,139;,
  3;139,132,138;,
  3;132,139,28;,
  3;132,281,138;,
  3;281,132,151;,
  3;281,148,283;,
  3;148,281,151;,
  3;283,149,284;,
  3;149,283,148;,
  3;7,284,149;,
  3;284,7,4;,
  3;6,79,22;,
  3;79,6,77;,
  3;77,7,74;,
  3;7,77,6;,
  3;5,3,4;,
  3;3,5,2;,
  3;285,137,82;,
  3;137,285,136;,
  3;137,81,82;,
  3;92,146,87;,
  3;146,92,144;,
  3;2,21,253;,
  3;21,2,5;,
  3;286,213,229;,
  3;251,211,286;,
  3;213,286,211;,
  3;234,216,217;,
  3;227,202,228;,
  3;202,230,228;,
  3;230,202,260;,
  3;232,220,235;,
  3;228,214,227;,
  3;26,71,25;,
  3;71,26,268;,
  3;155,142,11;,
  3;18,80,78;,
  3;80,18,254;,
  3;272,224,225;,
  3;275,263,264;,
  3;202,227,204;,
  3;232,219,220;,
  3;287,289,288;,
  3;289,287,290;,
  3;291,288,292;,
  3;288,291,287;,
  3;293,292,294;,
  3;292,293,291;,
  3;295,294,296;,
  3;294,295,293;,
  3;296,297,295;,
  3;298,290,299;,
  3;290,298,289;,
  3;300,302,301;,
  3;302,300,303;,
  3;304,300,305;,
  3;300,304,303;,
  3;306,305,307;,
  3;305,306,304;,
  3;308,306,307;,
  3;306,308,309;,
  3;308,310,309;,
  3;145,146,311;,
  3;312,314,313;,
  3;314,312,315;,
  3;316,318,317;,
  3;318,316,319;,
  3;320,322,321;,
  3;322,320,323;,
  3;324,326,325;,
  3;326,324,327;,
  3;328,324,325;,
  3;324,328,329;,
  3;330,331,328;,
  3;331,330,332;,
  3;319,22,318;,
  3;22,319,21;,
  3;327,333,326;,
  3;333,327,334;,
  3;335,337,336;,
  3;337,335,338;,
  3;339,341,340;,
  3;341,339,342;,
  3;341,344,343;,
  3;344,341,342;,
  3;345,347,346;,
  3;347,345,348;,
  3;346,350,349;,
  3;350,346,347;,
  3;348,351,347;,
  3;351,348,352;,
  3;347,353,350;,
  3;353,347,351;,
  3;352,341,351;,
  3;341,352,340;,
  3;351,343,353;,
  3;343,351,341;,
  3;354,356,355;,
  3;356,354,357;,
  3;358,360,359;,
  3;360,358,361;,
  3;361,362,360;,
  3;362,361,363;,
  3;364,366,365;,
